% 给定一个任意一个实数
a = 92324.324299232222;
b = 0.000000933344;
% 请你给出 a, b 的 64位二进制编码
% a: 0, 000011111110010101101101
% 有效数字部分:  for i = 1:52 
% 指数部分  for i = 1:11  
% 看是否能得到完全相等， 如果得不到，尝试在有效数字部分+1或者-1